RMSD matrix (based on multiple superpostion):
       1    2    3    4    5    6    7    8    9   10   11   12   13   14   15   16   17   18   19   20   21   22   23   24   25   26   27   28   29   30   31   32   33   34   35   36   37   38   39   40   41   42   43   44   45   46   47   48   49   50   51   52   53   54   55   56   57   58  
     --------------------------------------------------------------------------------------------------------------------------------------------------------------------------------------------------------------------------------------------------------------------------------------------------
  1|  ---  1.5  1.6  1.1  1.4  4.7  4.0  4.8  5.1  4.4  4.3  1.3  4.9  3.8  3.1  3.3  2.5  2.8  2.8  3.4  3.0  4.3  1.4  3.3  3.2  3.7  4.1  3.4  4.5  3.9 12.7 14.8 12.6  1.1 12.8  3.3  3.4 12.6 12.8 12.4 12.4 12.8 13.0 12.8  1.3 12.7  4.1  3.2  2.8  3.0 17.3  7.3 16.4  1.2  1.0  1.2  1.6  1.5
  2|  1.5  ---  1.0  1.4  1.5  4.7  4.0  4.8  5.0  4.3  4.3  0.9  4.8  3.9  3.1  3.3  2.7  2.9  3.0  3.5  3.1  4.1  1.0  3.3  3.3  3.7  4.0  3.3  4.3  3.9 12.6 14.6 12.5  1.2 12.7  3.4  3.2 12.5 12.7 12.3 12.3 12.8 12.9 12.7  1.5 12.7  4.9  3.2  3.0  3.0 17.0  7.1 16.1  1.3  1.2  1.4  1.8  2.1
  3|  1.6  1.0  ---  1.2  1.9  4.4  3.7  4.5  4.8  4.1  4.1  1.2  4.6  3.7  2.9  3.1  2.6  2.6  2.9  3.3  3.0  3.8  1.2  3.1  3.1  3.5  3.8  3.1  4.1  3.7 12.5 14.5 12.3  1.5 12.6  3.3  3.1 12.4 12.6 12.2 12.3 12.7 12.8 12.6  1.6 12.6  4.9  3.2  3.1  2.8 16.8  7.1 16.0  1.4  1.5  1.2  2.1  2.5
  4|  1.1  1.4  1.2  ---  1.8  4.6  4.0  4.7  5.1  4.3  4.3  1.4  4.8  3.8  2.9  3.1  2.5  2.8  2.9  3.3  3.0  4.2  1.5  3.2  3.2  3.7  4.0  3.3  4.4  3.9 12.7 14.7 12.5  1.4 12.7  3.5  3.5 12.6 12.8 12.3 12.4 12.8 12.9 12.7  1.5 12.7  4.4  3.3  2.9  2.9 17.1  7.3 16.3  1.2  1.2  0.9  1.8  2.0
  5|  1.4  1.5  1.9  1.8  ---  4.8  3.9  4.9  5.1  4.3  4.2  1.4  4.9  3.9  3.2  3.5  2.7  2.9  2.7  3.4  3.0  4.2  1.7  3.1  3.2  3.6  3.9  3.4  4.3  4.0 12.7 14.8 12.7  1.5 12.9  3.1  3.2 12.7 12.9 12.5 12.5 12.9 13.1 12.9  1.6 12.9  4.5  3.3  3.1  3.2 17.3  7.1 16.3  1.6  1.6  1.9  1.8  1.7
  6|  4.7  4.7  4.4  4.6  4.8  ---  1.4  1.2  1.7  1.3  1.9  4.6  1.7  2.0  2.9  3.0  3.4  2.7  3.3  2.4  2.7  2.1  4.5  2.7  2.5  2.4  2.4  2.4  2.0  2.0 11.3 13.4 11.7  5.0 12.1  2.9  3.0 11.8 12.1 11.7 11.8 12.2 12.2 12.0  5.0 12.2  4.7  3.5  4.0  3.3 16.0  8.3 15.1  5.0  4.8  4.5  5.6  5.6
  7|  4.0  4.0  3.7  4.0  3.9  1.4  ---  1.6  1.9  1.3  1.6  3.9  2.0  1.7  2.5  2.8  2.9  2.1  2.6  1.9  2.1  2.0  3.7  2.1  2.0  1.9  2.0  2.0  1.8  1.8 11.5 13.7 11.9  4.3 12.2  2.1  2.3 11.9 12.2 11.8 11.9 12.3 12.4 12.2  4.2 12.3  4.4  3.1  3.6  2.9 16.3  7.9 15.3  4.2  4.1  3.9  4.8  4.8
  8|  4.8  4.8  4.5  4.7  4.9  1.2  1.6  ---  1.4  1.4  1.9  4.7  1.8  2.1  3.0  3.2  3.5  2.9  3.5  2.6  2.9  2.3  4.5  2.9  2.8  2.6  2.7  2.6  2.2  2.0 11.2 13.3 11.6  5.1 12.0  3.0  3.2 11.7 12.0 11.6 11.7 12.2 12.2 12.0  5.1 12.1  4.8  3.6  4.0  3.4 15.9  8.3 15.0  5.0  4.9  4.6  5.7  5.7
  9|  5.1  5.0  4.8  5.1  5.1  1.7  1.9  1.4  ---  1.5  2.0  4.9  1.8  2.2  3.4  3.6  3.9  3.2  3.5  2.9  3.0  2.3  4.8  3.1  3.0  2.7  2.7  2.7  2.2  2.3 11.1 13.4 11.7  5.3 12.1  3.0  3.2 11.7 12.0 11.6 11.7 12.3 12.3 12.0  5.3 12.1  5.1  3.8  4.4  3.8 16.0  8.4 15.1  5.3  5.2  4.8  5.9  5.9
 10|  4.4  4.3  4.1  4.3  4.3  1.3  1.3  1.4  1.5  ---  1.5  4.3  1.8  1.8  2.5  2.9  3.2  2.4  2.8  2.2  2.3  2.0  4.2  2.3  2.3  2.1  2.0  2.1  1.8  2.0 11.3 13.6 11.8  4.7 12.2  2.4  2.6 11.9 12.2 11.7 11.8 12.3 12.4 12.1  4.6 12.2  4.7  3.3  3.8  3.1 16.3  8.2 15.3  4.6  4.5  4.2  5.2  5.2
 11|  4.3  4.3  4.1  4.3  4.2  1.9  1.6  1.9  2.0  1.5  ---  4.2  2.3  2.1  2.8  3.3  3.3  2.5  3.0  2.4  2.6  2.5  4.2  2.5  2.5  2.3  2.1  2.3  2.0  2.3 11.6 13.7 12.1  4.7 12.5  2.7  2.9 12.1 12.3 12.0 12.0 12.4 12.6 12.3  4.7 12.4  4.4  3.6  3.9  3.2 16.5  8.2 15.4  4.6  4.5  4.3  5.2  5.1
 12|  1.3  0.9  1.2  1.4  1.4  4.6  3.9  4.7  4.9  4.3  4.2  ---  4.7  3.7  3.2  3.3  2.6  2.8  2.9  3.4  3.0  4.1  1.1  3.2  3.2  3.7  3.9  3.3  4.2  3.8 12.6 14.6 12.6  1.3 12.8  3.2  3.1 12.6 12.7 12.3 12.4 12.8 13.0 12.7  1.4 12.7  4.6  3.2  2.9  3.0 17.0  7.0 16.1  1.2  1.1  1.3  1.8  2.0
 13|  4.9  4.8  4.6  4.8  4.9  1.7  2.0  1.8  1.8  1.8  2.3  4.7  ---  1.7  3.1  3.0  3.4  3.0  3.4  2.5  2.8  2.0  4.6  2.8  2.6  2.5  2.6  2.4  2.1  2.0 11.1 13.3 11.6  5.1 12.0  2.9  3.1 11.6 11.9 11.5 11.6 12.0 12.1 11.9  5.2 12.0  4.8  3.6  4.2  3.7 16.0  8.5 15.1  5.1  4.9  4.7  5.7  5.7
 14|  3.8  3.9  3.7  3.8  3.9  2.0  1.7  2.1  2.2  1.8  2.1  3.7  1.7  ---  2.6  2.7  2.7  2.3  2.7  2.0  2.1  2.2  3.6  2.4  2.1  2.3  2.5  2.1  2.4  1.8 11.4 13.7 11.8  4.1 12.1  2.3  2.5 11.8 12.1 11.6 11.7 12.2 12.3 12.0  4.2 12.1  4.0  3.1  3.4  3.1 16.4  8.0 15.4  4.1  3.9  3.7  4.7  4.7
 15|  3.1  3.1  2.9  2.9  3.2  2.9  2.5  3.0  3.4  2.5  2.8  3.2  3.1  2.6  ---  2.1  1.9  1.6  2.1  1.8  1.9  2.5  2.9  2.0  1.9  2.1  2.4  1.8  2.6  2.4 11.6 13.8 11.7  3.4 12.0  2.5  2.6 11.8 12.1 11.6 11.7 12.1 12.3 12.0  3.4 12.1  4.1  2.7  3.0  2.5 16.5  8.0 15.6  3.3  3.2  2.9  3.8  3.9
 16|  3.3  3.3  3.1  3.1  3.5  3.0  2.8  3.2  3.6  2.9  3.3  3.3  3.0  2.7  2.1  ---  1.6  2.2  2.8  2.2  2.3  2.6  3.1  2.4  2.1  2.6  3.0  2.3  3.1  2.4 11.7 13.8 11.8  3.6 12.0  3.0  3.2 11.8 12.1 11.7 11.8 12.1 12.3 12.1  3.7 12.1  4.1  2.9  3.1  3.0 16.3  8.1 15.4  3.6  3.3  3.1  4.2  4.2
 17|  2.5  2.7  2.6  2.5  2.7  3.4  2.9  3.5  3.9  3.2  3.3  2.6  3.4  2.7  1.9  1.6  ---  2.0  2.3  2.1  2.0  3.0  2.4  2.3  2.0  2.5  3.1  2.2  3.2  2.6 11.9 14.0 12.0  2.9 12.2  2.7  2.9 12.0 12.2 11.8 11.8 12.2 12.3 12.1  3.0 12.2  3.7  2.5  2.5  2.7 16.5  7.7 15.6  2.9  2.6  2.5  3.4  3.3
 18|  2.8  2.9  2.6  2.8  2.9  2.7  2.1  2.9  3.2  2.4  2.5  2.8  3.0  2.3  1.6  2.2  2.0  ---  2.1  1.8  1.8  2.4  2.7  1.8  1.8  2.1  2.2  1.8  2.4  2.2 11.7 13.9 11.9  3.2 12.2  2.1  2.2 12.0 12.2 11.8 11.8 12.2 12.4 12.2  3.2 12.2  4.0  2.7  2.8  2.3 16.6  7.7 15.6  3.1  3.0  2.8  3.7  3.7
 19|  2.8  3.0  2.9  2.9  2.7  3.3  2.6  3.5  3.5  2.8  3.0  2.9  3.4  2.7  2.1  2.8  2.3  2.1  ---  1.8  1.1  2.5  2.9  1.5  1.6  1.7  2.1  1.8  2.8  2.8 11.9 14.1 12.0  3.0 12.4  2.0  2.6 12.1 12.4 12.0 12.1 12.5 12.6 12.4  2.9 12.5  4.4  2.7  3.3  2.8 16.8  7.4 15.9  3.0  3.1  2.8  3.3  3.3
 20|  3.4  3.5  3.3  3.3  3.4  2.4  1.9  2.6  2.9  2.2  2.4  3.4  2.5  2.0  1.8  2.2  2.1  1.8  1.8  ---  1.0  1.7  3.3  1.2  1.0  1.4  1.6  1.3  2.0  1.8 11.5 13.6 11.8  3.7 12.1  2.0  2.4 11.8 12.0 11.6 11.7 12.1 12.2 12.0  3.8 12.1  3.9  2.9  3.2  2.7 16.4  7.9 15.5  3.7  3.5  3.3  4.2  4.2
 21|  3.0  3.1  3.0  3.0  3.0  2.7  2.1  2.9  3.0  2.3  2.6  3.0  2.8  2.1  1.9  2.3  2.0  1.8  1.1  1.0  ---  1.9  3.0  1.2  1.1  1.4  1.8  1.3  2.4  2.2 11.6 13.8 11.9  3.3 12.2  2.0  2.4 11.9 12.2 11.8 11.8 12.3 12.4 12.2  3.3 12.2  4.0  2.6  3.0  2.6 16.6  7.6 15.6  3.3  3.2  2.9  3.7  3.7
 22|  4.3  4.1  3.8  4.2  4.2  2.1  2.0  2.3  2.3  2.0  2.5  4.1  2.0  2.2  2.5  2.6  3.0  2.4  2.5  1.7  1.9  ---  3.9  1.8  1.7  1.5  1.6  1.5  1.7  1.9 11.1 13.4 11.5  4.4 11.9  2.5  2.6 11.6 11.9 11.5 11.6 12.0 12.1 11.9  4.5 12.0  5.0  3.2  4.0  3.2 16.0  8.2 15.1  4.5  4.3  4.0  5.0  5.2
 23|  1.4  1.0  1.2  1.5  1.7  4.5  3.7  4.5  4.8  4.2  4.2  1.1  4.6  3.6  2.9  3.1  2.4  2.7  2.9  3.3  3.0  3.9  ---  3.2  3.1  3.5  3.9  3.2  4.1  3.6 12.4 14.5 12.3  1.3 12.6  3.2  3.0 12.4 12.6 12.1 12.2 12.7 12.8 12.6  1.6 12.5  4.6  2.9  2.7  2.8 16.9  7.1 16.0  1.3  1.0  1.3  2.0  2.2
 24|  3.3  3.3  3.1  3.2  3.1  2.7  2.1  2.9  3.1  2.3  2.5  3.2  2.8  2.4  2.0  2.4  2.3  1.8  1.5  1.2  1.2  1.8  3.2  ---  1.1  1.4  1.4  1.5  2.2  2.3 11.7 13.9 12.0  3.6 12.3  2.1  2.4 12.0 12.3 11.9 12.0 12.3 12.5 12.3  3.5 12.4  4.3  3.0  3.4  2.7 16.6  7.7 15.6  3.5  3.5  3.2  4.0  4.1
 25|  3.2  3.3  3.1  3.2  3.2  2.5  2.0  2.8  3.0  2.3  2.5  3.2  2.6  2.1  1.9  2.1  2.0  1.8  1.6  1.0  1.1  1.7  3.1  1.1  ---  1.2  1.8  1.3  2.2  1.9 11.6 13.8 11.8  3.5 12.1  2.1  2.3 11.9 12.1 11.7 11.8 12.2 12.3 12.1  3.6 12.2  4.0  2.7  3.1  2.6 16.5  7.8 15.5  3.5  3.3  3.2  4.0  4.0
 26|  3.7  3.7  3.5  3.7  3.6  2.4  1.9  2.6  2.7  2.1  2.3  3.7  2.5  2.3  2.1  2.6  2.5  2.1  1.7  1.4  1.4  1.5  3.5  1.4  1.2  ---  1.5  1.5  1.9  2.1 11.5 13.6 11.8  3.9 12.1  2.2  2.5 11.9 12.1 11.8 11.9 12.2 12.4 12.2  3.9 12.2  4.5  2.8  3.6  2.9 16.3  7.7 15.4  3.9  3.9  3.6  4.3  4.3
 27|  4.1  4.0  3.8  4.0  3.9  2.4  2.0  2.7  2.7  2.0  2.1  3.9  2.6  2.5  2.4  3.0  3.1  2.2  2.1  1.6  1.8  1.6  3.9  1.4  1.8  1.5  ---  1.7  1.7  2.3 11.5 13.7 11.9  4.3 12.3  2.3  2.5 12.0 12.2 11.9 12.0 12.3 12.5 12.3  4.3 12.4  4.8  3.5  4.1  3.1 16.5  8.0 15.5  4.3  4.3  4.0  4.8  4.8
 28|  3.4  3.3  3.1  3.3  3.4  2.4  2.0  2.6  2.7  2.1  2.3  3.3  2.4  2.1  1.8  2.3  2.2  1.8  1.8  1.3  1.3  1.5  3.2  1.5  1.3  1.5  1.7  ---  2.0  1.8 11.5 13.6 11.8  3.6 12.1  2.1  2.3 11.8 12.0 11.6 11.7 12.1 12.2 12.0  3.6 12.1  4.3  2.8  3.3  2.7 16.3  7.8 15.4  3.6  3.5  3.2  4.1  4.2
 29|  4.5  4.3  4.1  4.4  4.3  2.0  1.8  2.2  2.2  1.8  2.0  4.2  2.1  2.4  2.6  3.1  3.2  2.4  2.8  2.0  2.4  1.7  4.1  2.2  2.2  1.9  1.7  2.0  ---  1.9 11.3 13.4 11.8  4.7 12.1  2.4  2.5 11.8 12.1 11.7 11.8 12.2 12.3 12.1  4.7 12.2  4.8  3.5  4.1  3.3 16.2  8.1 15.1  4.7  4.6  4.3  5.2  5.3
 30|  3.9  3.9  3.7  3.9  4.0  2.0  1.8  2.0  2.3  2.0  2.3  3.8  2.0  1.8  2.4  2.4  2.6  2.2  2.8  1.8  2.2  1.9  3.6  2.3  1.9  2.1  2.3  1.8  1.9  --- 11.4 13.5 11.7  4.2 12.1  2.3  2.4 11.7 12.0 11.5 11.6 12.1 12.1 11.9  4.3 12.0  4.1  3.0  3.4  3.0 16.2  8.1 15.2  4.2  4.0  3.8  4.8  4.8
 31| 12.7 12.6 12.5 12.7 12.7 11.3 11.5 11.2 11.1 11.3 11.6 12.6 11.1 11.4 11.6 11.7 11.9 11.7 11.9 11.5 11.6 11.1 12.4 11.7 11.6 11.5 11.5 11.5 11.3 11.4  ---  5.7  3.5 12.7  4.1 11.5 11.6  3.6  4.5  4.0  4.1  5.5  5.4  4.4 12.8  4.9 12.4 11.7 12.1 11.9 11.2 13.6 10.3 12.8 12.7 12.5 13.1 13.1
 32| 14.8 14.6 14.5 14.7 14.8 13.4 13.7 13.3 13.4 13.6 13.7 14.6 13.3 13.7 13.8 13.8 14.0 13.9 14.1 13.6 13.8 13.4 14.5 13.9 13.8 13.6 13.7 13.6 13.4 13.5  5.7  ---  5.3 14.9  4.8 13.9 14.0  5.1  4.8  5.5  5.6  5.0  4.9  5.0 14.9  5.2 14.4 13.8 14.1 13.8  7.7 14.3  7.3 14.9 14.8 14.6 15.1 15.2
 33| 12.6 12.5 12.3 12.5 12.7 11.7 11.9 11.6 11.7 11.8 12.1 12.6 11.6 11.8 11.7 11.8 12.0 11.9 12.0 11.8 11.9 11.5 12.3 12.0 11.8 11.8 11.9 11.8 11.8 11.7  3.5  5.3  --- 12.6  1.9 11.9 12.0  3.3  4.0  3.7  3.7  4.7  4.8  4.0 12.7  4.4 12.7 11.8 12.1 12.0 10.2 13.4  9.5 12.6 12.5 12.3 12.9 13.0
 34|  1.1  1.2  1.5  1.4  1.5  5.0  4.3  5.1  5.3  4.7  4.7  1.3  5.1  4.1  3.4  3.6  2.9  3.2  3.0  3.7  3.3  4.4  1.3  3.6  3.5  3.9  4.3  3.6  4.7  4.2 12.7 14.9 12.6  --- 12.8  3.5  3.5 12.7 12.9 12.5 12.5 13.0 13.1 12.9  0.8 12.8  4.9  3.3  3.2  3.3 17.3  7.2 16.4  0.7  1.1  1.2  1.0  1.5
 35| 12.8 12.7 12.6 12.7 12.9 12.1 12.2 12.0 12.1 12.2 12.5 12.8 12.0 12.1 12.0 12.0 12.2 12.2 12.4 12.1 12.2 11.9 12.6 12.3 12.1 12.1 12.3 12.1 12.1 12.1  4.1  4.8  1.9 12.8  --- 12.3 12.3  2.8  3.2  3.3  3.3  3.7  3.9  3.2 12.9  3.5 12.8 12.1 12.3 12.3  9.8 13.4  9.1 12.9 12.7 12.6 13.1 13.2
 36|  3.3  3.4  3.3  3.5  3.1  2.9  2.1  3.0  3.0  2.4  2.7  3.2  2.9  2.3  2.5  3.0  2.7  2.1  2.0  2.0  2.0  2.5  3.2  2.1  2.1  2.2  2.3  2.1  2.4  2.3 11.5 13.9 11.9  3.5 12.3  ---  1.5 11.9 12.2 11.7 11.8 12.3 12.4 12.2  3.5 12.2  4.3  3.0  3.5  3.0 16.7  7.6 15.6  3.6  3.5  3.3  4.0  4.0
 37|  3.4  3.2  3.1  3.5  3.2  3.0  2.3  3.2  3.2  2.6  2.9  3.1  3.1  2.5  2.6  3.2  2.9  2.2  2.6  2.4  2.4  2.6  3.0  2.4  2.3  2.5  2.5  2.3  2.5  2.4 11.6 14.0 12.0  3.5 12.3  1.5  --- 11.9 12.2 11.7 11.8 12.3 12.4 12.2  3.6 12.2  4.6  3.2  3.5  2.9 16.7  7.7 15.6  3.5  3.4  3.3  4.0  4.1
 38| 12.6 12.5 12.4 12.6 12.7 11.8 11.9 11.7 11.7 11.9 12.1 12.6 11.6 11.8 11.8 11.8 12.0 12.0 12.1 11.8 11.9 11.6 12.4 12.0 11.9 11.9 12.0 11.8 11.8 11.7  3.6  5.1  3.3 12.7  2.8 11.9 11.9  ---  1.5  1.6  1.6  2.6  2.7  1.6 12.8  2.1 12.4 11.8 12.1 12.0 10.1 13.5  9.1 12.7 12.6 12.4 13.0 13.0
 39| 12.8 12.7 12.6 12.8 12.9 12.1 12.2 12.0 12.0 12.2 12.3 12.7 11.9 12.1 12.1 12.1 12.2 12.2 12.4 12.0 12.2 11.9 12.6 12.3 12.1 12.1 12.2 12.0 12.1 12.0  4.5  4.8  4.0 12.9  3.2 12.2 12.2  1.5  ---  2.1  2.0  1.6  1.7  2.0 13.0  1.8 12.5 12.0 12.2 12.2  9.8 13.4  8.8 12.9 12.7 12.7 13.1 13.2
 40| 12.4 12.3 12.2 12.3 12.5 11.7 11.8 11.6 11.6 11.7 12.0 12.3 11.5 11.6 11.6 11.7 11.8 11.8 12.0 11.6 11.8 11.5 12.1 11.9 11.7 11.8 11.9 11.6 11.7 11.5  4.0  5.5  3.7 12.5  3.3 11.7 11.7  1.6  2.1  ---  0.7  2.7  2.6  1.5 12.6  1.8 12.1 11.7 11.8 11.8 10.4 13.4  9.4 12.5 12.3 12.2 12.7 12.8
 41| 12.4 12.3 12.3 12.4 12.5 11.8 11.9 11.7 11.7 11.8 12.0 12.4 11.6 11.7 11.7 11.8 11.8 11.8 12.1 11.7 11.8 11.6 12.2 12.0 11.8 11.9 12.0 11.7 11.8 11.6  4.1  5.6  3.7 12.5  3.3 11.8 11.8  1.6  2.0  0.7  ---  2.8  2.8  1.5 12.6  1.7 12.2 11.7 11.8 11.9 10.5 13.4  9.4 12.5 12.3 12.2 12.8 12.8
 42| 12.8 12.8 12.7 12.8 12.9 12.2 12.3 12.2 12.3 12.3 12.4 12.8 12.0 12.2 12.1 12.1 12.2 12.2 12.5 12.1 12.3 12.0 12.7 12.3 12.2 12.2 12.3 12.1 12.2 12.1  5.5  5.0  4.7 13.0  3.7 12.3 12.3  2.6  1.6  2.7  2.8  ---  1.5  2.4 13.1  2.0 12.5 12.2 12.2 12.2  9.9 13.6  8.8 13.0 12.8 12.7 13.2 13.2
 43| 13.0 12.9 12.8 12.9 13.1 12.2 12.4 12.2 12.3 12.4 12.6 13.0 12.1 12.3 12.3 12.3 12.3 12.4 12.6 12.2 12.4 12.1 12.8 12.5 12.3 12.4 12.5 12.2 12.3 12.1  5.4  4.9  4.8 13.1  3.9 12.4 12.4  2.7  1.7  2.6  2.8  1.5  ---  2.3 13.2  2.1 12.6 12.3 12.3 12.3  9.5 13.6  8.7 13.2 12.9 12.9 13.4 13.4
 44| 12.8 12.7 12.6 12.7 12.9 12.0 12.2 12.0 12.0 12.1 12.3 12.7 11.9 12.0 12.0 12.1 12.1 12.2 12.4 12.0 12.2 11.9 12.6 12.3 12.1 12.2 12.3 12.0 12.1 11.9  4.4  5.0  4.0 12.9  3.2 12.2 12.2  1.6  2.0  1.5  1.5  2.4  2.3  --- 13.0  1.3 12.4 12.1 12.2 12.2  9.9 13.7  8.9 12.9 12.7 12.6 13.2 13.2
 45|  1.3  1.5  1.6  1.5  1.6  5.0  4.2  5.1  5.3  4.6  4.7  1.4  5.2  4.2  3.4  3.7  3.0  3.2  2.9  3.8  3.3  4.5  1.6  3.5  3.6  3.9  4.3  3.6  4.7  4.3 12.8 14.9 12.7  0.8 12.9  3.5  3.6 12.8 13.0 12.6 12.6 13.1 13.2 13.0  --- 12.9  4.9  3.4  3.3  3.2 17.3  7.0 16.4  0.7  1.5  1.2  1.1  1.5
 46| 12.7 12.7 12.6 12.7 12.9 12.2 12.3 12.1 12.1 12.2 12.4 12.7 12.0 12.1 12.1 12.1 12.2 12.2 12.5 12.1 12.2 12.0 12.5 12.4 12.2 12.2 12.4 12.1 12.2 12.0  4.9  5.2  4.4 12.8  3.5 12.2 12.2  2.1  1.8  1.8  1.7  2.0  2.1  1.3 12.9  --- 12.3 12.1 12.1 12.2 10.1 13.6  9.0 12.9 12.7 12.6 13.1 13.1
 47|  4.1  4.9  4.9  4.4  4.5  4.7  4.4  4.8  5.1  4.7  4.4  4.6  4.8  4.0  4.1  4.1  3.7  4.0  4.4  3.9  4.0  5.0  4.6  4.3  4.0  4.5  4.8  4.3  4.8  4.1 12.4 14.4 12.7  4.9 12.8  4.3  4.6 12.4 12.5 12.1 12.2 12.5 12.6 12.4  4.9 12.3  ---  4.4  3.5  4.2 17.3  8.7 16.1  4.8  4.4  4.6  5.2  4.8
 48|  3.2  3.2  3.2  3.3  3.3  3.5  3.1  3.6  3.8  3.3  3.6  3.2  3.6  3.1  2.7  2.9  2.5  2.7  2.7  2.9  2.6  3.2  2.9  3.0  2.7  2.8  3.5  2.8  3.5  3.0 11.7 13.8 11.8  3.3 12.1  3.0  3.2 11.8 12.0 11.7 11.7 12.2 12.3 12.1  3.4 12.1  4.4  ---  2.1  2.3 16.3  7.3 15.4  3.3  3.2  3.1  3.7  3.7
 49|  2.8  3.0  3.1  2.9  3.1  4.0  3.6  4.0  4.4  3.8  3.9  2.9  4.2  3.4  3.0  3.1  2.5  2.8  3.3  3.2  3.0  4.0  2.7  3.4  3.1  3.6  4.1  3.3  4.1  3.4 12.1 14.1 12.1  3.2 12.3  3.5  3.5 12.1 12.2 11.8 11.8 12.2 12.3 12.2  3.3 12.1  3.5  2.1  ---  2.2 16.5  7.2 15.6  3.1  2.8  2.9  3.6  3.4
 50|  3.0  3.0  2.8  2.9  3.2  3.3  2.9  3.4  3.8  3.1  3.2  3.0  3.7  3.1  2.5  3.0  2.7  2.3  2.8  2.7  2.6  3.2  2.8  2.7  2.6  2.9  3.1  2.7  3.3  3.0 11.9 13.8 12.0  3.3 12.3  3.0  2.9 12.0 12.2 11.8 11.9 12.2 12.3 12.2  3.2 12.2  4.2  2.3  2.2  --- 16.3  7.1 15.4  3.1  3.1  2.9  3.7  3.8
 51| 17.3 17.0 16.8 17.1 17.3 16.0 16.3 15.9 16.0 16.3 16.5 17.0 16.0 16.4 16.5 16.3 16.5 16.6 16.8 16.4 16.6 16.0 16.9 16.6 16.5 16.3 16.5 16.3 16.2 16.2 11.2  7.7 10.2 17.3  9.8 16.7 16.7 10.1  9.8 10.4 10.5  9.9  9.5  9.9 17.3 10.1 17.3 16.3 16.5 16.3  --- 15.3  5.2 17.3 17.2 17.0 17.5 17.8
 52|  7.3  7.1  7.1  7.3  7.1  8.3  7.9  8.3  8.4  8.2  8.2  7.0  8.5  8.0  8.0  8.1  7.7  7.7  7.4  7.9  7.6  8.2  7.1  7.7  7.8  7.7  8.0  7.8  8.1  8.1 13.6 14.3 13.4  7.2 13.4  7.6  7.7 13.5 13.4 13.4 13.4 13.6 13.6 13.7  7.0 13.6  8.7  7.3  7.2  7.1 15.3  --- 15.1  7.1  7.3  7.2  7.1  7.3
 53| 16.4 16.1 16.0 16.3 16.3 15.1 15.3 15.0 15.1 15.3 15.4 16.1 15.1 15.4 15.6 15.4 15.6 15.6 15.9 15.5 15.6 15.1 16.0 15.6 15.5 15.4 15.5 15.4 15.1 15.2 10.3  7.3  9.5 16.4  9.1 15.6 15.6  9.1  8.8  9.4  9.4  8.8  8.7  8.9 16.4  9.0 16.1 15.4 15.6 15.4  5.2 15.1  --- 16.4 16.3 16.2 16.6 16.7
 54|  1.2  1.3  1.4  1.2  1.6  5.0  4.2  5.0  5.3  4.6  4.6  1.2  5.1  4.1  3.3  3.6  2.9  3.1  3.0  3.7  3.3  4.5  1.3  3.5  3.5  3.9  4.3  3.6  4.7  4.2 12.8 14.9 12.6  0.7 12.9  3.6  3.5 12.7 12.9 12.5 12.5 13.0 13.2 12.9  0.7 12.9  4.8  3.3  3.1  3.1 17.3  7.1 16.4  ---  1.1  1.0  1.2  1.5
 55|  1.0  1.2  1.5  1.2  1.6  4.8  4.1  4.9  5.2  4.5  4.5  1.1  4.9  3.9  3.2  3.3  2.6  3.0  3.1  3.5  3.2  4.3  1.0  3.5  3.3  3.9  4.3  3.5  4.6  4.0 12.7 14.8 12.5  1.1 12.7  3.5  3.4 12.6 12.7 12.3 12.3 12.8 12.9 12.7  1.5 12.7  4.4  3.2  2.8  3.1 17.2  7.3 16.3  1.1  ---  1.2  1.6  1.8
 56|  1.2  1.4  1.2  0.9  1.9  4.5  3.9  4.6  4.8  4.2  4.3  1.3  4.7  3.7  2.9  3.1  2.5  2.8  2.8  3.3  2.9  4.0  1.3  3.2  3.2  3.6  4.0  3.2  4.3  3.8 12.5 14.6 12.3  1.2 12.6  3.3  3.3 12.4 12.7 12.2 12.2 12.7 12.9 12.6  1.2 12.6  4.6  3.1  2.9  2.9 17.0  7.2 16.2  1.0  1.2  ---  1.7  2.0
 57|  1.6  1.8  2.1  1.8  1.8  5.6  4.8  5.7  5.9  5.2  5.2  1.8  5.7  4.7  3.8  4.2  3.4  3.7  3.3  4.2  3.7  5.0  2.0  4.0  4.0  4.3  4.8  4.1  5.2  4.8 13.1 15.1 12.9  1.0 13.1  4.0  4.0 13.0 13.1 12.7 12.8 13.2 13.4 13.2  1.1 13.1  5.2  3.7  3.6  3.7 17.5  7.1 16.6  1.2  1.6  1.7  ---  1.0
 58|  1.5  2.1  2.5  2.0  1.7  5.6  4.8  5.7  5.9  5.2  5.1  2.0  5.7  4.7  3.9  4.2  3.3  3.7  3.3  4.2  3.7  5.2  2.2  4.1  4.0  4.3  4.8  4.2  5.3  4.8 13.1 15.2 13.0  1.5 13.2  4.0  4.1 13.0 13.2 12.8 12.8 13.2 13.4 13.2  1.5 13.1  4.8  3.7  3.4  3.8 17.8  7.3 16.7  1.5  1.8  2.0  1.0  ---

Traslation vector for struct 1 (0_relaxed_rank_1_model_3.pdb):
   0.000   0.000   0.000
Rotation matrix for struct 1 (0_relaxed_rank_1_model_3.pdb):
   1.000   0.000   0.000
   0.000   1.000   0.000
   0.000   0.000   1.000

Traslation vector for struct 2 (10_relaxed_rank_1_model_4.pdb):
   6.368  -6.675   2.154
Rotation matrix for struct 2 (10_relaxed_rank_1_model_4.pdb):
  -0.092   0.313   0.945
   0.989  -0.081   0.123
   0.115   0.946  -0.302

Traslation vector for struct 3 (11_relaxed_rank_1_model_4.pdb):
   4.541  -9.026   3.882
Rotation matrix for struct 3 (11_relaxed_rank_1_model_4.pdb):
  -0.227   0.403   0.887
   0.578  -0.677   0.456
   0.784   0.616  -0.080

Traslation vector for struct 4 (12_relaxed_rank_1_model_3.pdb):
   1.739   2.481   4.726
Rotation matrix for struct 4 (12_relaxed_rank_1_model_3.pdb):
   0.773  -0.564   0.292
   0.158   0.616   0.772
  -0.615  -0.550   0.565

Traslation vector for struct 5 (13_relaxed_rank_1_model_4.pdb):
   6.595  -7.831   1.357
Rotation matrix for struct 5 (13_relaxed_rank_1_model_4.pdb):
  -0.094   0.260   0.961
   0.967  -0.205   0.150
   0.236   0.944  -0.232

Traslation vector for struct 6 (14_relaxed_rank_1_model_3.pdb):
   6.423   0.464   6.849
Rotation matrix for struct 6 (14_relaxed_rank_1_model_3.pdb):
   0.334  -0.936  -0.108
   0.459   0.061   0.886
  -0.823  -0.346   0.450

Traslation vector for struct 7 (15_relaxed_rank_1_model_3.pdb):
   4.750  -1.350  11.214
Rotation matrix for struct 7 (15_relaxed_rank_1_model_3.pdb):
   0.262  -0.933  -0.246
  -0.121  -0.284   0.951
  -0.957  -0.219  -0.188

Traslation vector for struct 8 (16_relaxed_rank_1_model_3.pdb):
   1.774   1.751   1.018
Rotation matrix for struct 8 (16_relaxed_rank_1_model_3.pdb):
   0.940  -0.292   0.178
   0.278   0.955   0.099
  -0.199  -0.043   0.979

Traslation vector for struct 9 (17_relaxed_rank_1_model_3.pdb):
   0.699   1.558   2.044
Rotation matrix for struct 9 (17_relaxed_rank_1_model_3.pdb):
   0.939  -0.291   0.186
   0.211   0.909   0.359
  -0.273  -0.298   0.915

Traslation vector for struct 10 (18_relaxed_rank_1_model_3.pdb):
  -3.404  -3.209   2.854
Rotation matrix for struct 10 (18_relaxed_rank_1_model_3.pdb):
   0.634   0.346  -0.692
  -0.662   0.705  -0.254
   0.400   0.619   0.676

Traslation vector for struct 11 (19_relaxed_rank_1_model_3.pdb):
   5.982  -0.363  10.264
Rotation matrix for struct 11 (19_relaxed_rank_1_model_3.pdb):
   0.177  -0.926  -0.334
   0.280  -0.278   0.919
  -0.944  -0.256   0.210

Traslation vector for struct 12 (1_relaxed_rank_1_model_4.pdb):
   7.665  -1.348   5.279
Rotation matrix for struct 12 (1_relaxed_rank_1_model_4.pdb):
  -0.867   0.479   0.141
   0.425   0.856  -0.293
  -0.262  -0.194  -0.945

Traslation vector for struct 13 (20_relaxed_rank_1_model_3.pdb):
   3.331   4.182   3.606
Rotation matrix for struct 13 (20_relaxed_rank_1_model_3.pdb):
   0.755  -0.593   0.279
   0.367   0.735   0.570
  -0.543  -0.328   0.773

Traslation vector for struct 14 (21_relaxed_rank_1_model_3.pdb):
   4.898  -0.270   9.212
Rotation matrix for struct 14 (21_relaxed_rank_1_model_3.pdb):
   0.237  -0.952  -0.195
  -0.001  -0.201   0.980
  -0.971  -0.232  -0.049

Traslation vector for struct 15 (22_relaxed_rank_1_model_3.pdb):
  -1.433  -0.665   1.702
Rotation matrix for struct 15 (22_relaxed_rank_1_model_3.pdb):
   0.934   0.273  -0.229
  -0.259   0.962   0.089
   0.245  -0.024   0.969

Traslation vector for struct 16 (23_relaxed_rank_1_model_3.pdb):
   3.126   0.174   9.749
Rotation matrix for struct 16 (23_relaxed_rank_1_model_3.pdb):
   0.185  -0.979  -0.088
  -0.209  -0.126   0.970
  -0.960  -0.161  -0.228

Traslation vector for struct 17 (24_relaxed_rank_1_model_3.pdb):
   2.930   3.926   5.508
Rotation matrix for struct 17 (24_relaxed_rank_1_model_3.pdb):
   0.689  -0.673   0.269
   0.250   0.570   0.783
  -0.680  -0.473   0.561

Traslation vector for struct 18 (25_relaxed_rank_1_model_4.pdb):
   5.256  -5.932   0.483
Rotation matrix for struct 18 (25_relaxed_rank_1_model_4.pdb):
   0.017  -0.049   0.999
   0.929  -0.368  -0.034
   0.370   0.928   0.039

Traslation vector for struct 19 (26_relaxed_rank_1_model_3.pdb):
   4.808   0.605  11.195
Rotation matrix for struct 19 (26_relaxed_rank_1_model_3.pdb):
   0.220  -0.966  -0.138
  -0.032  -0.148   0.988
  -0.975  -0.213  -0.064

Traslation vector for struct 20 (27_relaxed_rank_1_model_3.pdb):
   4.760   1.204   8.018
Rotation matrix for struct 20 (27_relaxed_rank_1_model_3.pdb):
   0.429  -0.902  -0.053
   0.261   0.067   0.963
  -0.865  -0.427   0.264

Traslation vector for struct 21 (28_relaxed_rank_1_model_3.pdb):
   4.177   2.812   7.581
Rotation matrix for struct 21 (28_relaxed_rank_1_model_3.pdb):
   0.568  -0.820   0.064
   0.328   0.297   0.897
  -0.755  -0.489   0.438

Traslation vector for struct 22 (29_relaxed_rank_1_model_3.pdb):
  -3.490  -3.526   2.493
Rotation matrix for struct 22 (29_relaxed_rank_1_model_3.pdb):
   0.668   0.358  -0.652
  -0.653   0.702  -0.284
   0.356   0.616   0.703

Traslation vector for struct 23 (2_relaxed_rank_1_model_4.pdb):
   0.559  -5.006   8.691
Rotation matrix for struct 23 (2_relaxed_rank_1_model_4.pdb):
  -0.171  -0.127  -0.977
  -0.943  -0.266   0.200
  -0.285   0.956  -0.074

Traslation vector for struct 24 (30_relaxed_rank_1_model_4.pdb):
  -2.566  -2.453   5.418
Rotation matrix for struct 24 (30_relaxed_rank_1_model_4.pdb):
   0.916   0.383   0.123
  -0.333   0.550   0.766
   0.226  -0.742   0.631

Traslation vector for struct 25 (31_relaxed_rank_1_model_3.pdb):
   2.377   2.967   4.113
Rotation matrix for struct 25 (31_relaxed_rank_1_model_3.pdb):
   0.814  -0.563   0.140
   0.357   0.677   0.644
  -0.457  -0.474   0.752

Traslation vector for struct 26 (32_relaxed_rank_1_model_4.pdb):
  -2.755  -6.124   6.060
Rotation matrix for struct 26 (32_relaxed_rank_1_model_4.pdb):
   0.418   0.864  -0.280
  -0.808   0.495   0.320
   0.415   0.092   0.905

Traslation vector for struct 27 (33_relaxed_rank_1_model_3.pdb):
   2.682   3.460   5.319
Rotation matrix for struct 27 (33_relaxed_rank_1_model_3.pdb):
   0.794  -0.562   0.232
   0.158   0.559   0.814
  -0.587  -0.610   0.532

Traslation vector for struct 28 (34_relaxed_rank_1_model_3.pdb):
   5.311  -0.431   9.668
Rotation matrix for struct 28 (34_relaxed_rank_1_model_3.pdb):
   0.172  -0.957  -0.232
   0.019  -0.232   0.973
  -0.985  -0.172  -0.021

Traslation vector for struct 29 (35_relaxed_rank_1_model_4.pdb):
   4.721  -6.425  -1.471
Rotation matrix for struct 29 (35_relaxed_rank_1_model_4.pdb):
  -0.075  -0.551   0.831
   0.625  -0.675  -0.391
   0.777   0.490   0.395

Traslation vector for struct 30 (36_relaxed_rank_1_model_3.pdb):
   0.309   1.860   2.054
Rotation matrix for struct 30 (36_relaxed_rank_1_model_3.pdb):
   0.996  -0.075   0.056
   0.052   0.938   0.343
  -0.078  -0.338   0.938

Traslation vector for struct 31 (37_relaxed_rank_1_model_3.pdb):
   1.476   2.697   7.648
Rotation matrix for struct 31 (37_relaxed_rank_1_model_3.pdb):
   0.626  -0.743   0.239
   0.228   0.467   0.854
  -0.746  -0.480   0.462

Traslation vector for struct 32 (38_relaxed_rank_1_model_4.pdb):
   6.553  -8.387   0.938
Rotation matrix for struct 32 (38_relaxed_rank_1_model_4.pdb):
  -0.222   0.646   0.730
   0.968   0.057   0.244
   0.116   0.761  -0.638

Traslation vector for struct 33 (39_relaxed_rank_1_model_4.pdb):
  -3.575  -5.672   5.604
Rotation matrix for struct 33 (39_relaxed_rank_1_model_4.pdb):
   0.341   0.762  -0.551
  -0.933   0.345  -0.100
   0.113   0.548   0.829

Traslation vector for struct 34 (3_relaxed_rank_1_model_3.pdb):
  -4.087  -2.979   1.999
Rotation matrix for struct 34 (3_relaxed_rank_1_model_3.pdb):
   0.684   0.354  -0.638
  -0.655   0.684  -0.322
   0.323   0.638   0.699

Traslation vector for struct 35 (40_relaxed_rank_1_model_4.pdb):
   5.124  -7.741   1.173
Rotation matrix for struct 35 (40_relaxed_rank_1_model_4.pdb):
  -0.109   0.046   0.993
   0.765  -0.634   0.113
   0.635   0.772   0.034

Traslation vector for struct 36 (41_relaxed_rank_1_model_3.pdb):
   1.733  -5.990  11.271
Rotation matrix for struct 36 (41_relaxed_rank_1_model_3.pdb):
  -0.018  -0.710  -0.704
  -0.585  -0.564   0.583
  -0.811   0.422  -0.406

Traslation vector for struct 37 (42_relaxed_rank_1_model_4.pdb):
   0.207  -8.114   8.966
Rotation matrix for struct 37 (42_relaxed_rank_1_model_4.pdb):
  -0.108  -0.047  -0.993
  -0.922  -0.370   0.118
  -0.373   0.928  -0.004

Traslation vector for struct 38 (43_relaxed_rank_1_model_4.pdb):
   6.786  -7.417   0.512
Rotation matrix for struct 38 (43_relaxed_rank_1_model_4.pdb):
  -0.111   0.297   0.949
   0.913  -0.348   0.215
   0.394   0.889  -0.232

Traslation vector for struct 39 (44_relaxed_rank_1_model_4.pdb):
   6.295  -8.438   0.713
Rotation matrix for struct 39 (44_relaxed_rank_1_model_4.pdb):
  -0.129   0.341   0.931
   0.885  -0.384   0.263
   0.448   0.858  -0.252

Traslation vector for struct 40 (45_relaxed_rank_1_model_5.pdb):
  -2.626  -3.041   4.105
Rotation matrix for struct 40 (45_relaxed_rank_1_model_5.pdb):
   0.773   0.635   0.005
  -0.630   0.767   0.122
   0.074  -0.098   0.993

Traslation vector for struct 41 (46_relaxed_rank_1_model_5.pdb):
  -3.048  -2.597   3.345
Rotation matrix for struct 41 (46_relaxed_rank_1_model_5.pdb):
   0.843   0.517   0.148
  -0.538   0.812   0.228
  -0.002  -0.272   0.962

Traslation vector for struct 42 (47_relaxed_rank_1_model_4.pdb):
   7.413  -1.568   7.586
Rotation matrix for struct 42 (47_relaxed_rank_1_model_4.pdb):
  -0.968   0.195  -0.160
   0.094   0.868   0.488
   0.234   0.457  -0.858

Traslation vector for struct 43 (48_relaxed_rank_1_model_4.pdb):
   7.010   1.066   5.209
Rotation matrix for struct 43 (48_relaxed_rank_1_model_4.pdb):
  -0.975  -0.196  -0.103
  -0.182   0.975  -0.128
   0.126  -0.106  -0.986

Traslation vector for struct 44 (49_relaxed_rank_1_model_4.pdb):
   0.559  -5.118   9.012
Rotation matrix for struct 44 (49_relaxed_rank_1_model_4.pdb):
  -0.031  -0.111  -0.993
  -0.656  -0.748   0.104
  -0.754   0.655  -0.049

Traslation vector for struct 45 (4_relaxed_rank_1_model_3.pdb):
  -0.822   0.901   1.188
Rotation matrix for struct 45 (4_relaxed_rank_1_model_3.pdb):
   0.998   0.053  -0.039
  -0.045   0.981   0.190
   0.049  -0.188   0.981

Traslation vector for struct 46 (50_relaxed_rank_1_model_4.pdb):
   0.460  -5.113   9.344
Rotation matrix for struct 46 (50_relaxed_rank_1_model_4.pdb):
  -0.050  -0.041  -0.998
  -0.821  -0.567   0.065
  -0.569   0.823  -0.005

Traslation vector for struct 47 (51_relaxed_rank_1_model_4.pdb):
   5.554  -6.754  -0.251
Rotation matrix for struct 47 (51_relaxed_rank_1_model_4.pdb):
  -0.040  -0.266   0.963
   0.740  -0.655  -0.150
   0.671   0.707   0.223

Traslation vector for struct 48 (52_relaxed_rank_1_model_3.pdb):
   1.272   2.638   2.986
Rotation matrix for struct 48 (52_relaxed_rank_1_model_3.pdb):
   0.906  -0.306   0.293
   0.128   0.857   0.500
  -0.404  -0.415   0.815

Traslation vector for struct 49 (53_relaxed_rank_1_model_4.pdb):
   5.218  -4.153  -1.576
Rotation matrix for struct 49 (53_relaxed_rank_1_model_4.pdb):
   0.376   0.124   0.918
   0.864   0.312  -0.396
  -0.336   0.942   0.010

Traslation vector for struct 50 (54_relaxed_rank_1_model_3.pdb):
   2.415   2.774   3.991
Rotation matrix for struct 50 (54_relaxed_rank_1_model_3.pdb):
   0.642  -0.690   0.335
   0.149   0.541   0.828
  -0.752  -0.481   0.450

Traslation vector for struct 51 (55_relaxed_rank_1_model_4.pdb):
   8.578  -1.104  -3.414
Rotation matrix for struct 51 (55_relaxed_rank_1_model_4.pdb):
   0.172  -0.166   0.971
   0.848   0.527  -0.060
  -0.502   0.833   0.231

Traslation vector for struct 52 (56_relaxed_rank_1_model_3.pdb):
   2.028  -0.061  11.738
Rotation matrix for struct 52 (56_relaxed_rank_1_model_3.pdb):
   0.091  -0.965  -0.248
  -0.194  -0.261   0.946
  -0.977  -0.038  -0.211

Traslation vector for struct 53 (57_relaxed_rank_1_model_4.pdb):
  -1.041  -7.123   6.875
Rotation matrix for struct 53 (57_relaxed_rank_1_model_4.pdb):
   0.661   0.750  -0.028
  -0.687   0.620   0.377
   0.300  -0.230   0.926

Traslation vector for struct 54 (5_relaxed_rank_1_model_3.pdb):
   0.152   1.482   2.020
Rotation matrix for struct 54 (5_relaxed_rank_1_model_3.pdb):
   0.976  -0.190   0.107
   0.155   0.950   0.271
  -0.153  -0.247   0.957

Traslation vector for struct 55 (6_relaxed_rank_1_model_3.pdb):
   0.191  -0.502   1.074
Rotation matrix for struct 55 (6_relaxed_rank_1_model_3.pdb):
   0.998   0.044   0.036
  -0.051   0.970   0.239
  -0.024  -0.240   0.970

Traslation vector for struct 56 (7_relaxed_rank_1_model_3.pdb):
   2.299   1.491   2.550
Rotation matrix for struct 56 (7_relaxed_rank_1_model_3.pdb):
   0.908  -0.367   0.202
   0.263   0.875   0.407
  -0.326  -0.316   0.891

Traslation vector for struct 57 (8_relaxed_rank_1_model_3.pdb):
   0.699   2.410   2.877
Rotation matrix for struct 57 (8_relaxed_rank_1_model_3.pdb):
   0.955  -0.275   0.112
   0.221   0.909   0.352
  -0.199  -0.312   0.929

Traslation vector for struct 58 (9_relaxed_rank_1_model_3.pdb):
   0.561  -4.301   9.317
Rotation matrix for struct 58 (9_relaxed_rank_1_model_3.pdb):
  -0.196  -0.795  -0.574
  -0.776  -0.232   0.587
  -0.600   0.560  -0.571

